  -10.7327935
  -10.3398151
  -10.2156137
   -9.9866495
   -9.8434530
   -9.6183868
   -9.6137810
   -9.4433136
   -9.2412129
   -9.2053424
   -8.9607560
   -8.8797659
   -8.8465225
   -8.6849434
   -8.6369300
   -8.5307174
   -8.4967279
   -8.4377033
   -8.1261310
   -8.1194882
   -8.0078922
   -7.8950550
   -7.8456552
   -7.7523976
   -7.7333817
   -7.6920518
   -7.5995855
   -7.4073190
   -7.3536817
   -7.3377465
   -7.2397422
   -7.1804880
   -7.1523169
   -7.0091998
   -7.0041307
   -6.8581282
   -6.8550851
   -6.6678558
   -6.6655315
   -6.6558925
   -6.6444362
   -6.5205233
   -6.3007555
   -6.2667533
   -6.2153520
   -6.2037409
   -6.0987614
   -6.0596803
   -6.0067558
   -5.9404049
   -5.8999364
   -5.8965717
   -5.8560681
   -5.7780329
   -5.7582326
   -5.7527915
   -5.6594617
   -5.6177139
   -5.6080790
   -5.5254805
   -5.4297819
   -5.2322475
   -5.2150710
   -5.1467557
   -5.0225145
   -4.9860484
   -4.9468194
   -4.9300355
   -4.9122718
   -4.9042439
   -4.8709231
   -4.8300542
   -4.7856453
   -4.7492213
   -4.7468983
   -4.6378737
   -4.6114627
   -4.5815662
   -4.4939906
   -4.4674899
   -4.4537507
   -4.3069380
   -4.2825692
   -4.1840790
   -4.1552876
   -4.1304258
   -4.1290055
   -4.0477073
   -4.0369981
   -4.0369046
   -4.0221875
   -3.8806370
   -3.8524171
   -3.8350088
   -3.7993986
   -3.7799123
   -3.7701381
   -3.7462148
   -3.6684309
   -3.5868558
   -3.5757320
   -3.5118537
   -3.4616548
   -3.3881074
   -3.3461804
   -3.3459402
   -3.3278906
   -3.3124939
   -3.2646843
   -3.2524348
   -3.2419979
   -3.2401702
   -3.0735158
   -3.0102641
   -3.0021816
   -2.9442109
   -2.9388919
   -2.9382124
   -2.8815960
   -2.8168389
   -2.8102020
   -2.7642886
   -2.7581807
   -2.7243195
   -2.6442608
   -2.5947939
   -2.5816603
   -2.5780108
   -2.5664653
   -2.5591123
   -2.5544072
   -2.5517998
   -2.5382927
   -2.5190484
   -2.4482897
   -2.3794665
   -2.3149692
   -2.2415792
   -2.2293751
   -2.2071622
   -2.1657884
   -2.1615850
   -2.1414517
   -2.1259360
   -2.1110018
   -2.0816731
   -2.0713893
   -2.0357273
   -2.0164940
   -1.9588784
   -1.9534417
   -1.9465084
   -1.9393527
   -1.9351324
   -1.8972850
   -1.8782144
   -1.8598665
   -1.7885264
   -1.7780961
   -1.7547276
   -1.7514563
   -1.7080611
   -1.6951173
   -1.6629468
   -1.6602341
   -1.6559650
   -1.6465538
   -1.6398359
   -1.5728920
   -1.5634123
   -1.5610746
   -1.5360342
   -1.5291851
   -1.5181082
   -1.4905010
   -1.4844075
   -1.4630315
   -1.4546652
   -1.4403649
   -1.4347702
   -1.4092884
   -1.4056846
   -1.3656905
   -1.3549649
   -1.3116030
   -1.3005935
   -1.2849554
   -1.2682113
   -1.2635134
   -1.2570702
   -1.2381321
   -1.2268861
   -1.2082406
   -1.1888225
   -1.1848093
   -1.1689742
   -1.1658110
   -1.1536485
   -1.1376281
   -1.1316231
   -1.1300874
   -1.1071076
   -1.1050285
   -1.0700218
   -1.0688776
   -1.0660304
   -1.0602399
   -1.0433336
   -1.0382396
   -1.0257123
   -1.0142156
   -1.0016456
   -0.9885584
   -0.9770046
   -0.9649886
   -0.9644988
   -0.9371956
   -0.9310709
   -0.9283166
   -0.9053077
   -0.8925141
   -0.8689814
   -0.8582932
   -0.8460551
   -0.8265658
   -0.8044131
   -0.8033613
   -0.7992182
   -0.7912211
   -0.7864536
   -0.7759421
   -0.7691013
   -0.7640088
   -0.7562879
   -0.7558964
   -0.7412250
   -0.7377750
   -0.7271018
   -0.7213956
   -0.7062605
   -0.6976017
   -0.6861273
   -0.6820725
   -0.6636231
   -0.6587975
   -0.6414213
   -0.6411597
   -0.6363726
   -0.6117136
   -0.5907768
   -0.5902736
   -0.5717569
   -0.5679157
   -0.5660053
   -0.5657747
   -0.5493057
   -0.5492165
   -0.5407944
   -0.5189894
   -0.5159813
   -0.5060602
   -0.5014223
   -0.4922561
   -0.4903061
   -0.4854600
   -0.4799147
   -0.4670700
   -0.4617403
   -0.4591812
   -0.4516389
   -0.4430414
   -0.4373173
   -0.4367244
   -0.4309358
   -0.3908149
   -0.3906947
   -0.3868681
   -0.3711143
   -0.3670742
   -0.3617329
   -0.3411929
   -0.3199020
   -0.2896123
   -0.2648085
   -0.2575217
   -0.2528258
   -0.2414399
   -0.2368505
   -0.2276669
   -0.2114922
   -0.2042880
   -0.1914657
   -0.1840710
   -0.1535100
   -0.1324427
   -0.1232973
   -0.1037139
   -0.0860759
   -0.0800165
   -0.0684519
   -0.0669365
   -0.0660449
   -0.0535337
   -0.0384566
   -0.0378483
   -0.0217729
   -0.0195917
   -0.0103393
   -0.0010848
    0.0161104
    0.0720507
    0.0841816
    0.0854982
    0.0886201
    0.1353337
    0.1464334
    0.1570448
    0.1615588
    0.1831612
    0.1985012
    0.2075974
    0.2143847
    0.2233494
    0.2290478
    0.2333698
    0.2449508
    0.3135334
    0.3336814
    0.3555435
    0.4070336
    0.4162800
    0.4180588
    0.4288889
    0.4686265
    0.4857947
    0.4955275
    0.5001461
    0.5242600
    0.5299386
    0.5875251
    0.6247511
    0.6625354
    0.6700344
    0.6716791
    0.6749214
    0.7135856
    0.7294631
    0.7422101
    0.7549896
    0.7802875
    0.7841245
    0.7892772
    0.8284346
    0.8338307
    0.8653893
    0.9237777
    0.9341839
    0.9737813
    1.0202988
    1.0375220
    1.0681996
    1.0868315
    1.1127800
    1.1617017
    1.1686404
    1.1895524
    1.2537971
    1.2686883
    1.2792324
    1.2810240
    1.3369465
    1.3753531
    1.3935548
    1.4323794
    1.4575923
    1.4622428
    1.5569903
    1.5831306
    1.6232813
    1.6904892
    1.7054860
    1.7065534
    1.7718662
    1.8096500
    1.8366781
    1.8830532
    1.9430795
    1.9716824
    1.9805742
    1.9811018
    2.0269111
    2.0276570
    2.0486318
    2.0670801
    2.1199681
    2.1791496
    2.2036759
    2.2175322
    2.3819083
    2.4784304
    2.4858094
    2.4891353
    2.5255633
    2.5708309
    2.5754919
    2.6876905
    2.7595609
    2.7616717
    2.7834632
    2.8069984
    2.8492963
    2.9365491
    2.9507415
    2.9756145
    2.9930963
    3.0220869
    3.0476192
    3.0771401
    3.2363104
    3.3559973
    3.3956755
    3.3966638
    3.4046155
    3.4548534
    3.4887534
    3.5810702
    3.6042990
    3.6274369
    3.6983805
    3.7580068
    3.7612714
    3.8050097
    3.8955002
    4.0097892
    4.0202970
    4.0587115
    4.1216441
    4.1405773
    4.1461874
    4.2600694
    4.3126206
    4.3651855
    4.4123481
    4.4467131
    4.5019686
    4.5557153
    4.5565015
    4.6657517
    4.7861876
    4.8243829
    5.0495166
    5.1002857
    5.1119073
    5.1273154
    5.1476871
    5.1948525
    5.2991131
    5.3194530
    5.3302941
    5.3746462
    5.4304934
    5.4380069
    5.5352383
    5.5622821
    5.7822997
    5.8224710
    5.9439951
    6.0482931
    6.2146240
    6.2228918
    6.2849696
    6.3965941
    6.4918324
    6.4953446
    6.5190806
    6.5489528
    6.6476797
    6.6741914
    6.6929594
    6.8199055
    6.9838433
    7.2612237
    7.3084913
    7.3693459
    7.4415085
    7.5817147
    7.5919184
    7.6844370
    7.7649556
    7.9317831
    7.9871982
    8.1925547
    8.2832478
    8.4115321
    8.6159813
    8.7432578
    8.8381986
    8.9396659
    9.2215160
    9.4652071
    9.6919499